# mlc --loaded_latency -c0 -k1-7,17-23 -j0
00000	463.76	 18352.2
00002	462.40	 18362.2
00008	453.85	 18359.2
00015	444.21	 18345.8
00050	405.07	 18300.2
00100	367.35	 18169.3
00200	219.70	 16716.7
00300	158.51	 12339.9
00400	144.45	 9534.8
00500	137.83	 7794.8
00700	131.91	 5766.2
01000	128.34	 4213.4
01300	126.39	 3372.5
01700	125.27	 2706.8
02500	124.13	 2011.4
03500	123.56	 1588.1
05000	123.16	 1269.4
09000	122.77	 938.1
20000	122.48	 710.3
# mlc --loaded_latency -W2 -c0 -k1-7,17-23 -j0
 00000	895.58	 15877.5
 00002	895.26	 15879.0
 00008	895.28	 15873.8
 00015	895.32	 15869.6
 00050	902.11	 15848.4
 00100	909.11	 15853.5
 00200	919.59	 15848.6
 00300	868.36	 15830.5
 00400	255.82	 13866.1
 00500	176.66	 11338.5
 00700	143.72	 8345.4
 01000	135.98	 6037.3
 01300	132.38	 4779.4
 01700	129.39	 3786.6
 02500	126.57	 2748.8
 03500	124.98	 2116.5
 05000	123.83	 1641.2
 09000	122.85	 1146.1
 20000	122.45	 804.2
START ---------------------
# mlc --loaded_latency -c8 -k9-15,25-31 -j1
 00000	481.32	 18397.9
 00002	481.30	 18401.7
 00008	474.59	 18400.2
 00015	465.53	 18399.2
 00050	425.28	 18363.3
 00100	388.89	 18280.9
 00200	222.24	 16807.7
 00300	161.25	 2312.4
 00400	147.40	 9510.9
 00500	141.06	 7780.3
 00700	135.53	 5749.5
 01000	131.47	 4200.7
 01300	129.93	 3359.2
 01700	128.57	 2693.6
 02500	127.49	 1998.1
 03500	126.88	 1574.2
 05000	126.51	 1255.6
 09000	126.14	 924.2
 20000	125.92	 696.0
End -----------------------
# mlc --loaded_latency -W2 -c8 -k9-15,25-31 -j1
 00000	895.47	 15803.0
 00002	895.49	 15802.9
 00008	895.59	  15798.8
 00015	895.16	  15794.2
 00050	901.21	  15775.0
 00100	907.95	  15781.0
 00200	917.69	  15774.5
 00300	868.11	  15754.9
 00400	262.61	  13843.4
 00500	181.27	  11320.3
 00700	147.40	   8328.6
 01000	139.35	   6022.0
 01300	135.59	   4766.9
 01700	132.73	   3775.4
 02500	129.84	   2736.4
 03500	128.24	   2103.1
 05000	127.12	   1627.6
 09000	126.17	   1133.8
 20000	125.86	    790.0
# mlc --loaded_latency
 00000	470.10	  36584.4
 00002	471.23	  36521.6
 00008	469.36	  36575.1
 00015	454.29	  36555.9
 00050	411.47	  36461.1
 00100	372.83	  36335.3
 00200	224.00	  34426.5
 00300	160.51	  25891.1
 00400	146.34	  19866.8
 00500	139.65	  16146.1
 00700	133.19	  11789.4
 01000	129.57	   8448.7
 01300	127.63	   6635.4
 01700	126.43	   5207.6
 02500	125.65	   3712.9
 03500	125.24	   2804.3
 05000	124.39	   2120.7
 09000	124.16	   1407.9
 20000	123.53	    920.3
# mlc --loaded_latency -W2
 00000	909.08	  31486.3
 00002	910.40	  31481.2
 00008	912.89	  31479.0
 00015	926.62	  31452.3
 00050	913.76	  31428.9
 00100	932.84	  31429.7
 00200	936.82	  31431.2
 00300	884.30	  31385.0
 00400	262.21	  29146.4
 00500	180.00	  23818.5
 00700	146.17	  17329.4
 01000	138.62	  12377.6
 01300	133.52	   9671.1
 01700	130.77	   7543.1
 02500	127.86	   5300.8
 03500	126.65	   3943.6
 05000	125.52	   2918.5
 09000	124.12	   1855.3
 20000	123.76	   1120.2
# mlc --max_bandwidth
 ALL Reads        :	36556.20
 3:1 Reads-Writes :	32730.72
 2:1 Reads-Writes :	31458.70
 1:1 Reads-Writes :	29257.91
 Stream-triad like:	31421.79
# mlc --peak_injection_bandwidth
 ALL Reads        :	36619.1
 3:1 Reads-Writes :	32662.9
 2:1 Reads-Writes :	31426.9
 1:1 Reads-Writes :	29241.8
 Stream-triad like:	28830.4
# --bandwidth_matrix
                   0	    1
       0	16915.4	 9791.1
       1	 9813.5	16907.5